11
22
1111
1212
1313
1414
1515
1616
1717
1818
1919
2020
2121
2222
2323
2424
2525
2626
2818628186
21182118
21192119
21202120
21212121
21222122
21232123
21242124
44
55
66
77
88
99
782782
783783
784784
785785
786786
787787
788788
789789
790790
791791
792792
793793
794794
795795
796796
797797
798798
799799
800800
801801
802802
803803
804804
805805
806806
807807
808808
809809
810810
811811
812812
813813
814814
815815
816816
817817
818818
819819
820820
821821
822822
823823
824824
825825
826826
827827
828828
829829
830830
831831
832832
833833
834834
835835
836836
837837
838838
839839
840840
841841
842842
843843
844844
845845
846846
847847
848848
849849
850850
851851
852852
853853
854854
855855
856856
857857
858858
859859
860860
861861
862862
863863
864864
865865
866866
867867
868868
869869
870870
871871
872872
873873
874874
875875
876876
877877
878878
879879
880880
881881
882882
883883
884884
885885
886886
887887
888888
889889
890890
891891
892892
893893
894894
895895
896896
897897
898898
899899
900900
901901
902902
903903
904904
905905
906906
907907
908908
909909
910910
911911
912912
913913
914914
915915
916916
917917
918918
919919
920920
921921
922922
923923
924924
925925
926926
927927
928928
929929
930930
931931
932932
933933
934934
935935
936936
937937
938938
939939
940940
941941
942942
943943
944944
945945
946946
947947
948948
949949
10001000
10011001
10021002
10031003
10041004
10051005
10061006
10071007
77657765
77667766
77677767
77687768
77697769
77707770
77717771
77727772
3030
3131
3232
3333
3434
3535
3636
3737
3838
3939
4040
4141
4242
4343
4444
4545
4646
4747
4848
4949
5050
5151
5252
5353
5454
5555
5656
5757
5858
5959
6060
6161
6262
6363
6464
6565
6666
6767
6868
6969
7070
7171
7272
7373
7474
7575
7676
7777
7878
7979
8080
8181
8282
8383
8484
8585
8686
8787
8888
8989
9090
9191
9292
9393
9494
9595
9696
9797
9898
9999
49594959
49604960
49614961
49624962
49634963
49644964
49654965
49664966
49674967
49684968
49694969
49704970
49714971
49724972
49734973
49744974
49754975
49764976
49774977
7877478774
953953
954954
955955
956956
957957
958958
959959
960960
961961
962962
963963
964964
965965
966966
967967
968968
969969
970970
971971
972972
973973
974974
975975
976976
977977
978978
979979
980980
981981
982982
983983
984984
985985
986986
987987
988988
989989
990990
991991
992992
993993
994994
995995
996996
997997
998998
999999
105105
106106
107107
108108
109109
110110
111111
112112
113113
114114
115115
116116
117117
118118
119119
120120
121121
122122
33
126126
127127
128128
129129
130130
131131
132132
133133
134134
135135
136136
137137
138138
139139
140140
141141
142142
143143
144144
342342
343343
344344
345345
346346
347347
348348
349349
350350
351351
352352
353353
354354
355355
356356
357357
358358
359359
360360
361361
362362
363363
364364
365365
366366
367367
368368
369369
370370
371371
372372
373373
374374
375375
376376
377377
378378
379379
380380
381381
382382
383383
384384
385385
386386
387387
388388
389389
390390
391391
392392
393393
394394
395395
396396
397397
398398
399399
400400
401401
402402
403403
404404
405405
406406
407407
408408
409409
410410
411411
412412
413413
414414
415415
416416
417417
418418
419419
420420
421421
422422
423423
424424
425425
426426
427427
428428
429429
430430
431431
432432
433433
434434
435435
436436
437437
438438
439439
440440
441441
442442
443443
444444
445445
446446
447447
448448
449449
450450
451451
452452
453453
454454
455455
456456
457457
458458
459459
460460
461461
462462
463463
464464
465465
466466
467467
468468
469469
470470
471471
472472
473473
474474
475475
476476
477477
478478
479479
480480
481481
482482
483483
484484
485485
486486
487487
488488
489489
490490
491491
492492
493493
494494
495495
496496
497497
498498
499499
500500
501501
502502
503503
504504
505505
506506
507507
508508
509509
510510
511511
512512
513513
514514
515515
516516
517517
518518
519519
520520
521521
522522
523523
524524
525525
526526
527527
528528
529529
530530
531531
532532
533533
534534
535535
536536
537537
538538
539539
540540
541541
542542
543543
544544
545545
546546
547547
548548
549549
550550
551551
552552
553553
554554
555555
556556
557557
558558
559559
560560
561561
562562
563563
564564
565565
566566
567567
568568
569569
570570
571571
572572
573573
574574
575575
576576
577577
262262
263263
264264
265265
266266
267267
268268
269269
270270
271271
272272
273273
274274
275275
276276
277277
278278
279279
280280
281281
282282
283283
284284
285285
286286
287287
288288
289289
290290
291291
292292
293293
294294
295295
296296
297297
298298
299299
300300
301301
302302
303303
304304
305305
306306
307307
308308
309309
310310
311311
312312
313313
314314
315315
316316
317317
318318
319319
320320
321321
322322
323323
324324
325325
326326
327327
328328
329329
330330
331331
332332
333333
334334
653653
654654
655655
656656
657657
658658
659659
660660
661661
662662
663663
664664
665665
666666
667667
668668
669669
670670
671671
672672
673673
674674
675675
168168
169169
170170
171171
172172
173173
174174
175175
176176
177177
178178
179179
180180
181181
182182
183183
184184
185185
186186
187187
188188
189189
190190
191191
192192
193193
194194
195195
196196
197197
198198
199199
200200
201201
202202
203203
204204
205205
206206
207207
208208
209209
210210
211211
212212
213213
214214
215215
216216
217217
218218
219219
220220
221221
222222
223223
224224
225225
226226
227227
228228
229229
230230
231231
232232
233233
234234
235235
236236
237237
238238
239239
240240
241241
242242
243243
244244
245245
246246
247247
248248
249249
250250
251251